145291,212900,360181,1453434,1712622,2075071,2771788,3445332,3778101,6046859,7892078,11522584,11897522,14213726,14409711,14517493,14857258,14965755,15278385,15624459,16447964,16467643,16635832,18034059,18355797,18388970,18546097,19171214,19206498,20397544,20921276,21449842,23691064,23818935,24221630,25079038,26466185,29715833,32519375,33695477,33719689,33734011,33853484,34089176,34142513,34561600,39115784,39125130,39641385,40727808,41463385,42325966,44976392,50938391,51054780,52022698,53821293,54152604,54623398,56516266,56936227,61980531,67052722,73410531,74209300,80902790,87174962,87207720,88953601,90049539,93125341,94690774,96501003,110600252,115108601,120057011,126478153,143391226,150629254,158357121,174629205,176498002,176960904,181361394,202048366,205669412,217931408,220050552,243600832,260080017,261577480,266786292,266817066,273147245,286606196,292891636,304399238,307191933,307247675,339321728,350848784,367427505,417008350,474433502,475710021
105
14534342075071344533227717887892078


360181
6046859
40727808183557975202269825079038145291
2422163053821293
50938391423259663385348411522584



261577480
34142513176498002
9312534126466185




67052722




9650100390049539212900

87
514


354117120057011391157841433912261769609047341053187174962

5651626612647815315835712130719193333932172833695477367427505763




39641385





209







472217931408
88953601


94690774115108601








449872


57059



216

260



433281260519




17464

142
4984








88









507
379


126

12358159138162180

70

43767138153144
352

129






7741067
371




43





292891636
266786292273147245


266817066146260080017350848784202048366110600252



18136139447443350287207720220050552150629254




41



149





202

71
110


103411

64196
4359131






29715833

78
2381893544976392
54152604

39125130

345616002092127618034059
85
26720397544183889703251937521449842

51054780

1124




337340111189752215624459
1496575515278385377810114213726

5462339817462920524360083274209300








128








160
338416
1663583234089176147102114517493269100






276













99157123158
480191712146871816571002179813
33719689





14857258







18546097

4591699162




3879



160544115


145291,212900,360181,1453434,1712622,2075071,2771788,3445332,3778101,6046859,7892078,11522584,11897522,14213726,14409711,14517493,14857258,14965755,15278385,15624459,16447964,16467643,16635832,18034059,18355797,18388970,18546097,19171214,19206498,20397544,20921276,21449842,23691064,23818935,24221630,25079038,26466185,29715833,32519375,33695477,33719689,33734011,33853484,34089176,34142513,34561600,39115784,39125130,39641385,40727808,41463385,42325966,44976392,50938391,51054780,52022698,53821293,54152604,54623398,56516266,56936227,61980531,67052722,73410531,74209300,80902790,87174962,87207720,88953601,90049539,93125341,94690774,96501003,110600252,115108601,120057011,126478153,143391226,150629254,158357121,174629205,176498002,176960904,181361394,202048366,205669412,217931408,220050552,243600832,260080017,261577480,266786292,266817066,273147245,286606196,292891636,304399238,307191933,307247675,339321728,350848784,367427505,417008350,474433502,475710021
105
3601811453434

20750712771788145291604685937781011421372634453321835579715278385212900789207812647815393125341120057011965010032668170662928916368895360111060025294690774


3071919333408917636742750590049539






115108601











19171214




209

87



















117570
354


72480158687
514126
50747213877414276337171146103159

767

43459



379



43









3879




1451749311522584


162
11897522
519


157
14965755

1562445918114857258



99
115

20397544734105314497639232519375




18034059
14733734011

54152604
18388970509383911021
162
33719689264661853414251339125130407278084232596621449842538212932507903818546097267
39641385

33853484

34561600




5651626624221630871749623369547723818935546233985105478067052722






209212768720772015835712139115784176498002474433502
16635832


















150629254416

123



243600832


29715833202048366261577480143391226
1124


281260080017
269

84260
128
260100




160



44

544

98
464129









433


52022698180144352
160
2168885
217276


217931408

1381963387049131
1699





















74209300
43
657
1234117817
202








591067


9813
176960904174629205



10058

266786292350848784220050552181361394339321728

273147245









1105915341149
64




